5
21
10 10
1 0 0 0 0 0 1 0 1 0 
1 0 0 0 1 0 0 0 1 0 
0 1 1 0 0 1 1 1 1 0 
1 0 0 1 1 1 1 0 1 0 
0 1 1 0 0 1 0 0 1 1 
1 1 0 0 0 0 1 1 1 0 
0 0 1 0 0 0 0 1 0 1 
1 1 0 1 1 0 0 0 1 1 
0 0 0 1 0 0 0 1 1 0 
0 0 1 0 0 1 0 0 1 0 
33
10 10
0 0 0 1 1 1 0 0 1 1 
0 0 0 0 1 0 1 1 0 0 
1 0 1 1 0 0 1 0 0 0 
0 1 1 1 1 0 0 1 0 0 
1 1 0 1 1 0 1 1 1 1 
1 1 1 1 0 1 0 1 1 1 
0 1 1 0 1 0 0 1 1 0 
1 1 1 0 1 0 0 0 1 1 
1 0 0 1 0 0 1 1 1 0 
1 0 1 1 1 0 0 0 0 1 
25
10 10
0 0 1 0 1 0 1 0 1 0 
0 1 1 0 0 1 0 1 0 1 
0 0 1 1 0 0 0 0 1 0 
0 1 1 1 0 1 0 1 1 1 
0 0 0 0 0 1 1 0 0 1 
0 1 1 1 1 0 1 1 0 0 
0 0 1 1 1 1 0 0 0 0 
0 1 0 0 1 0 1 0 1 0 
0 0 1 0 1 0 1 1 0 1 
0 0 1 0 1 1 1 1 0 0 
30
10 10
1 1 0 1 1 0 1 0 0 0 
1 1 1 1 1 1 0 1 1 1 
0 1 0 0 0 1 1 1 1 1 
1 1 1 1 0 1 0 0 0 0 
1 1 1 0 0 1 0 1 1 0 
1 1 0 0 0 0 0 0 1 0 
0 0 0 0 0 0 1 1 0 0 
0 0 1 0 0 1 1 1 0 1 
0 1 0 1 0 1 0 1 0 0 
0 1 1 0 0 0 1 0 0 1 
44
10 10
0 1 1 0 0 0 1 0 0 0 
1 0 1 1 0 0 0 0 1 1 
0 0 0 0 0 0 1 0 1 0 
1 1 0 1 0 1 1 0 1 0 
1 0 0 1 1 1 1 0 0 0 
1 1 0 1 1 0 1 1 0 1 
0 1 0 0 0 1 1 0 0 0 
1 0 0 1 0 1 1 1 0 1 
0 0 0 1 0 0 1 1 1 0 
1 0 0 0 1 0 1 0 0 0 
